22 231 15
12 6 14 3 16 19 7 21 1 11 4 17 22 5 9
1 2 39
1 3 50
1 4 19
1 5 10
1 6 23
1 7 36
1 8 20
1 9 11
1 10 28
1 11 22
1 12 42
1 13 46
1 14 13
1 15 37
1 16 27
1 17 11
1 18 2
1 19 21
1 20 27
1 21 23
1 22 41
2 3 9
2 4 37
2 5 24
2 6 17
2 7 30
2 8 8
2 9 40
2 10 4
2 11 16
2 12 25
2 13 4
2 14 48
2 15 11
2 16 20
2 17 50
2 18 26
2 19 36
2 20 22
2 21 43
2 22 40
3 4 31
3 5 35
3 6 13
3 7 40
3 8 26
3 9 29
3 10 36
3 11 36
3 12 35
3 13 30
3 14 35
3 15 30
3 16 49
3 17 5
3 18 46
3 19 49
3 20 22
3 21 9
3 22 16
4 5 32
4 6 25
4 7 14
4 8 12
4 9 20
4 10 1
4 11 23
4 12 30
4 13 46
4 14 5
4 15 46
4 16 6
4 17 16
4 18 36
4 19 26
4 20 22
4 21 47
4 22 30
5 6 18
5 7 32
5 8 39
5 9 15
5 10 28
5 11 14
5 12 49
5 13 47
5 14 9
5 15 38
5 16 37
5 17 11
5 18 23
5 19 8
5 20 32
5 21 40
5 22 1
6 7 9
6 8 36
6 9 14
6 10 49
6 11 8
6 12 50
6 13 46
6 14 29
6 15 46
6 16 24
6 17 35
6 18 26
6 19 47
6 20 49
6 21 33
6 22 34
7 8 49
7 9 47
7 10 3
7 11 40
7 12 36
7 13 7
7 14 49
7 15 1
7 16 46
7 17 3
7 18 49
7 19 42
7 20 16
7 21 15
7 22 3
8 9 26
8 10 46
8 11 4
8 12 27
8 13 21
8 14 42
8 15 15
8 16 41
8 17 24
8 18 40
8 19 24
8 20 15
8 21 20
8 22 2
9 10 48
9 11 8
9 12 20
9 13 11
9 14 13
9 15 41
9 16 1
9 17 45
9 18 2
9 19 50
9 20 44
9 21 31
9 22 27
10 11 7
10 12 39
10 13 49
10 14 23
10 15 14
10 16 17
10 17 14
10 18 31
10 19 26
10 20 11
10 21 48
10 22 18
11 12 37
11 13 42
11 14 45
11 15 17
11 16 14
11 17 21
11 18 43
11 19 5
11 20 23
11 21 30
11 22 42
12 13 21
12 14 30
12 15 36
12 16 30
12 17 37
12 18 31
12 19 10
12 20 31
12 21 34
12 22 10
13 14 18
13 15 18
13 16 10
13 17 34
13 18 49
13 19 6
13 20 35
13 21 4
13 22 41
14 15 33
14 16 45
14 17 39
14 18 28
14 19 45
14 20 41
14 21 27
14 22 29
15 16 16
15 17 30
15 18 19
15 19 22
15 20 4
15 21 10
15 22 13
16 17 32
16 18 9
16 19 22
16 20 31
16 21 27
16 22 32
17 18 19
17 19 38
17 20 20
17 21 16
17 22 24
18 19 15
18 20 35
18 21 21
18 22 34
19 20 33
19 21 3
19 22 5
20 21 21
20 22 28
21 22 6
