95 4465 57
71 74 3 86 91 39 19 47 1 34 12 58 85 77 60 70 90 67 30 88 4 44 94 80 25 87 42 83 92 27 6 33 54 49 46 61 81 28 57 62 72 13 10 59 16 66 37 32 78 41 17 69 95 21 43 14 79
1 2 32
1 3 11
1 4 14
1 5 33
1 6 50
1 7 46
1 8 50
1 9 45
1 10 28
1 11 19
1 12 28
1 13 38
1 14 12
1 15 36
1 16 8
1 17 30
1 18 10
1 19 41
1 20 13
1 21 31
1 22 2
1 23 45
1 24 25
1 25 1
1 26 11
1 27 27
1 28 18
1 29 28
1 30 39
1 31 22
1 32 24
1 33 42
1 34 7
1 35 20
1 36 28
1 37 48
1 38 4
1 39 37
1 40 15
1 41 40
1 42 43
1 43 43
1 44 14
1 45 34
1 46 30
1 47 45
1 48 5
1 49 4
1 50 3
1 51 35
1 52 29
1 53 6
1 54 3
1 55 44
1 56 35
1 57 21
1 58 50
1 59 26
1 60 29
1 61 10
1 62 8
1 63 48
1 64 39
1 65 12
1 66 44
1 67 42
1 68 49
1 69 30
1 70 27
1 71 25
1 72 43
1 73 28
1 74 29
1 75 13
1 76 23
1 77 19
1 78 34
1 79 40
1 80 7
1 81 36
1 82 22
1 83 14
1 84 4
1 85 46
1 86 7
1 87 8
1 88 11
1 89 42
1 90 46
1 91 13
1 92 11
1 93 31
1 94 23
1 95 49
2 3 17
2 4 2
2 5 15
2 6 32
2 7 50
2 8 10
2 9 2
2 10 30
2 11 4
2 12 7
2 13 50
2 14 37
2 15 34
2 16 45
2 17 27
2 18 27
2 19 5
2 20 34
2 21 42
2 22 3
2 23 1
2 24 13
2 25 8
2 26 19
2 27 24
2 28 29
2 29 34
2 30 7
2 31 42
2 32 5
2 33 31
2 34 46
2 35 13
2 36 46
2 37 17
2 38 22
2 39 50
2 40 28
2 41 17
2 42 10
2 43 35
2 44 14
2 45 42
2 46 12
2 47 17
2 48 42
2 49 16
2 50 19
2 51 44
2 52 16
2 53 45
2 54 7
2 55 32
2 56 11
2 57 39
2 58 26
2 59 48
2 60 37
2 61 11
2 62 25
2 63 47
2 64 41
2 65 35
2 66 1
2 67 2
2 68 46
2 69 29
2 70 48
2 71 9
2 72 43
2 73 16
2 74 38
2 75 21
2 76 34
2 77 42
2 78 5
2 79 40
2 80 33
2 81 10
2 82 6
2 83 3
2 84 3
2 85 16
2 86 26
2 87 38
2 88 19
2 89 1
2 90 39
2 91 46
2 92 5
2 93 39
2 94 41
2 95 47
3 4 28
3 5 23
3 6 12
3 7 14
3 8 31
3 9 9
3 10 7
3 11 7
3 12 20
3 13 37
3 14 50
3 15 36
3 16 8
3 17 31
3 18 48
3 19 47
3 20 28
3 21 8
3 22 8
3 23 30
3 24 11
3 25 31
3 26 6
3 27 8
3 28 19
3 29 39
3 30 47
3 31 34
3 32 38
3 33 42
3 34 50
3 35 1
3 36 47
3 37 23
3 38 2
3 39 10
3 40 31
3 41 39
3 42 7
3 43 18
3 44 41
3 45 22
3 46 31
3 47 10
3 48 25
3 49 47
3 50 42
3 51 33
3 52 13
3 53 34
3 54 8
3 55 39
3 56 36
3 57 37
3 58 50
3 59 6
3 60 15
3 61 25
3 62 41
3 63 4
3 64 10
3 65 49
3 66 5
3 67 30
3 68 46
3 69 49
3 70 2
3 71 35
3 72 1
3 73 5
3 74 31
3 75 10
3 76 50
3 77 10
3 78 24
3 79 7
3 80 2
3 81 16
3 82 23
3 83 23
3 84 28
3 85 34
3 86 7
3 87 40
3 88 24
3 89 16
3 90 49
3 91 16
3 92 12
3 93 27
3 94 18
3 95 17
4 5 7
4 6 12
4 7 8
4 8 24
4 9 43
4 10 36
4 11 34
4 12 9
4 13 19
4 14 35
4 15 12
4 16 1
4 17 30
4 18 31
4 19 18
4 20 19
4 21 25
4 22 31
4 23 37
4 24 14
4 25 13
4 26 17
4 27 18
4 28 50
4 29 40
4 30 9
4 31 49
4 32 17
4 33 2
4 34 40
4 35 40
4 36 20
4 37 6
4 38 28
4 39 50
4 40 30
4 41 46
4 42 5
4 43 15
4 44 27
4 45 21
4 46 27
4 47 26
4 48 41
4 49 32
4 50 48
4 51 14
4 52 48
4 53 27
4 54 15
4 55 37
4 56 18
4 57 38
4 58 40
4 59 8
4 60 45
4 61 36
4 62 5
4 63 35
4 64 1
4 65 36
4 66 1
4 67 9
4 68 24
4 69 48
4 70 35
4 71 32
4 72 33
4 73 2
4 74 36
4 75 40
4 76 5
4 77 5
4 78 20
4 79 24
4 80 41
4 81 40
4 82 15
4 83 19
4 84 49
4 85 16
4 86 30
4 87 25
4 88 1
4 89 26
4 90 10
4 91 25
4 92 19
4 93 47
4 94 9
4 95 9
5 6 38
5 7 19
5 8 24
5 9 35
5 10 11
5 11 49
5 12 46
5 13 3
5 14 47
5 15 24
5 16 37
5 17 4
5 18 31
5 19 23
5 20 32
5 21 34
5 22 46
5 23 1
5 24 14
5 25 11
5 26 43
5 27 45
5 28 38
5 29 16
5 30 41
5 31 43
5 32 33
5 33 6
5 34 46
5 35 47
5 36 8
5 37 38
5 38 15
5 39 42
5 40 15
5 41 49
5 42 10
5 43 35
5 44 36
5 45 26
5 46 30
5 47 35
5 48 31
5 49 29
5 50 10
5 51 8
5 52 3
5 53 26
5 54 37
5 55 26
5 56 50
5 57 11
5 58 34
5 59 44
5 60 29
5 61 26
5 62 17
5 63 3
5 64 45
5 65 15
5 66 19
5 67 5
5 68 4
5 69 30
5 70 43
5 71 13
5 72 16
5 73 30
5 74 13
5 75 16
5 76 33
5 77 19
5 78 4
5 79 45
5 80 24
5 81 20
5 82 23
5 83 23
5 84 2
5 85 23
5 86 13
5 87 13
5 88 18
5 89 19
5 90 8
5 91 9
5 92 38
5 93 4
5 94 9
5 95 43
6 7 44
6 8 15
6 9 3
6 10 30
6 11 37
6 12 12
6 13 1
6 14 39
6 15 1
6 16 4
6 17 18
6 18 31
6 19 35
6 20 26
6 21 40
6 22 28
6 23 32
6 24 46
6 25 26
6 26 48
6 27 41
6 28 11
6 29 12
6 30 19
6 31 8
6 32 28
6 33 47
6 34 3
6 35 37
6 36 46
6 37 43
6 38 22
6 39 11
6 40 49
6 41 46
6 42 26
6 43 27
6 44 38
6 45 23
6 46 29
6 47 21
6 48 4
6 49 41
6 50 32
6 51 33
6 52 42
6 53 24
6 54 26
6 55 39
6 56 23
6 57 33
6 58 17
6 59 14
6 60 42
6 61 47
6 62 2
6 63 39
6 64 41
6 65 23
6 66 8
6 67 15
6 68 47
6 69 25
6 70 43
6 71 47
6 72 8
6 73 41
6 74 43
6 75 42
6 76 6
6 77 28
6 78 27
6 79 9
6 80 7
6 81 7
6 82 11
6 83 4
6 84 24
6 85 13
6 86 25
6 87 45
6 88 1
6 89 33
6 90 11
6 91 39
6 92 24
6 93 16
6 94 36
6 95 13
7 8 38
7 9 49
7 10 47
7 11 33
7 12 33
7 13 40
7 14 44
7 15 14
7 16 35
7 17 39
7 18 40
7 19 20
7 20 40
7 21 49
7 22 13
7 23 15
7 24 35
7 25 50
7 26 42
7 27 50
7 28 31
7 29 7
7 30 49
7 31 21
7 32 44
7 33 5
7 34 34
7 35 15
7 36 15
7 37 32
7 38 29
7 39 45
7 40 18
7 41 9
7 42 21
7 43 23
7 44 10
7 45 41
7 46 35
7 47 4
7 48 29
7 49 50
7 50 20
7 51 14
7 52 22
7 53 27
7 54 49
7 55 10
7 56 23
7 57 32
7 58 44
7 59 28
7 60 26
7 61 18
7 62 23
7 63 5
7 64 14
7 65 18
7 66 24
7 67 9
7 68 27
7 69 27
7 70 13
7 71 37
7 72 1
7 73 1
7 74 37
7 75 28
7 76 5
7 77 27
7 78 46
7 79 17
7 80 49
7 81 40
7 82 5
7 83 3
7 84 12
7 85 50
7 86 10
7 87 12
7 88 1
7 89 11
7 90 18
7 91 20
7 92 38
7 93 7
7 94 17
7 95 24
8 9 47
8 10 3
8 11 23
8 12 14
8 13 20
8 14 41
8 15 11
8 16 18
8 17 7
8 18 1
8 19 34
8 20 14
8 21 23
8 22 25
8 23 10
8 24 15
8 25 42
8 26 36
8 27 42
8 28 18
8 29 46
8 30 28
8 31 4
8 32 32
8 33 44
8 34 44
8 35 10
8 36 47
8 37 4
8 38 9
8 39 29
8 40 44
8 41 7
8 42 1
8 43 5
8 44 15
8 45 47
8 46 30
8 47 19
8 48 28
8 49 23
8 50 1
8 51 15
8 52 50
8 53 8
8 54 29
8 55 31
8 56 11
8 57 5
8 58 41
8 59 48
8 60 1
8 61 35
8 62 21
8 63 44
8 64 29
8 65 40
8 66 3
8 67 45
8 68 39
8 69 3
8 70 16
8 71 45
8 72 19
8 73 37
8 74 41
8 75 23
8 76 21
8 77 27
8 78 11
8 79 48
8 80 29
8 81 37
8 82 10
8 83 40
8 84 32
8 85 22
8 86 19
8 87 14
8 88 7
8 89 1
8 90 35
8 91 34
8 92 9
8 93 26
8 94 27
8 95 8
9 10 39
9 11 29
9 12 25
9 13 36
9 14 15
9 15 31
9 16 34
9 17 15
9 18 24
9 19 7
9 20 35
9 21 31
9 22 39
9 23 18
9 24 19
9 25 19
9 26 9
9 27 15
9 28 39
9 29 37
9 30 41
9 31 8
9 32 42
9 33 27
9 34 35
9 35 3
9 36 34
9 37 50
9 38 34
9 39 2
9 40 43
9 41 24
9 42 2
9 43 35
9 44 27
9 45 20
9 46 17
9 47 10
9 48 3
9 49 47
9 50 43
9 51 10
9 52 40
9 53 15
9 54 11
9 55 26
9 56 40
9 57 12
9 58 44
9 59 42
9 60 40
9 61 24
9 62 16
9 63 11
9 64 35
9 65 27
9 66 38
9 67 26
9 68 21
9 69 35
9 70 38
9 71 34
9 72 8
9 73 40
9 74 6
9 75 49
9 76 29
9 77 40
9 78 44
9 79 5
9 80 30
9 81 4
9 82 3
9 83 35
9 84 32
9 85 16
9 86 47
9 87 35
9 88 45
9 89 43
9 90 18
9 91 24
9 92 11
9 93 29
9 94 19
9 95 33
10 11 50
10 12 23
10 13 17
10 14 35
10 15 32
10 16 42
10 17 28
10 18 31
10 19 45
10 20 21
10 21 45
10 22 19
10 23 33
10 24 35
10 25 25
10 26 29
10 27 17
10 28 12
10 29 12
10 30 5
10 31 19
10 32 30
10 33 22
10 34 8
10 35 35
10 36 28
10 37 20
10 38 24
10 39 23
10 40 16
10 41 46
10 42 1
10 43 42
10 44 22
10 45 26
10 46 27
10 47 15
10 48 42
10 49 38
10 50 37
10 51 10
10 52 13
10 53 2
10 54 2
10 55 14
10 56 5
10 57 19
10 58 18
10 59 1
10 60 38
10 61 15
10 62 23
10 63 1
10 64 41
10 65 50
10 66 27
10 67 29
10 68 23
10 69 49
10 70 33
10 71 47
10 72 4
10 73 27
10 74 9
10 75 7
10 76 41
10 77 30
10 78 33
10 79 3
10 80 50
10 81 29
10 82 32
10 83 47
10 84 21
10 85 19
10 86 35
10 87 28
10 88 7
10 89 11
10 90 37
10 91 15
10 92 36
10 93 36
10 94 29
10 95 32
11 12 46
11 13 25
11 14 30
11 15 48
11 16 46
11 17 22
11 18 35
11 19 26
11 20 5
11 21 24
11 22 15
11 23 37
11 24 41
11 25 27
11 26 16
11 27 30
11 28 46
11 29 19
11 30 50
11 31 45
11 32 7
11 33 41
11 34 42
11 35 47
11 36 14
11 37 12
11 38 36
11 39 19
11 40 26
11 41 29
11 42 24
11 43 19
11 44 49
11 45 39
11 46 3
11 47 39
11 48 40
11 49 5
11 50 41
11 51 1
11 52 39
11 53 45
11 54 39
11 55 44
11 56 20
11 57 13
11 58 2
11 59 47
11 60 23
11 61 10
11 62 23
11 63 37
11 64 19
11 65 25
11 66 2
11 67 6
11 68 50
11 69 2
11 70 5
11 71 26
11 72 47
11 73 33
11 74 10
11 75 33
11 76 5
11 77 37
11 78 13
11 79 30
11 80 40
11 81 44
11 82 40
11 83 31
11 84 5
11 85 18
11 86 25
11 87 42
11 88 20
11 89 11
11 90 37
11 91 31
11 92 42
11 93 40
11 94 36
11 95 50
12 13 37
12 14 36
12 15 33
12 16 44
12 17 29
12 18 43
12 19 22
12 20 25
12 21 4
12 22 4
12 23 22
12 24 10
12 25 14
12 26 6
12 27 5
12 28 50
12 29 21
12 30 29
12 31 10
12 32 9
12 33 2
12 34 18
12 35 43
12 36 38
12 37 8
12 38 36
12 39 43
12 40 43
12 41 16
12 42 26
12 43 17
12 44 32
12 45 48
12 46 21
12 47 42
12 48 21
12 49 5
12 50 15
12 51 20
12 52 48
12 53 39
12 54 44
12 55 34
12 56 14
12 57 50
12 58 48
12 59 1
12 60 45
12 61 6
12 62 20
12 63 19
12 64 27
12 65 35
12 66 34
12 67 41
12 68 19
12 69 34
12 70 39
12 71 33
12 72 2
12 73 19
12 74 35
12 75 29
12 76 37
12 77 18
12 78 36
12 79 34
12 80 3
12 81 7
12 82 45
12 83 13
12 84 23
12 85 34
12 86 33
12 87 46
12 88 12
12 89 24
12 90 15
12 91 16
12 92 8
12 93 36
12 94 43
12 95 50
13 14 1
13 15 17
13 16 22
13 17 46
13 18 31
13 19 1
13 20 28
13 21 49
13 22 39
13 23 39
13 24 25
13 25 9
13 26 18
13 27 49
13 28 35
13 29 48
13 30 23
13 31 9
13 32 22
13 33 21
13 34 32
13 35 35
13 36 18
13 37 32
13 38 45
13 39 32
13 40 15
13 41 25
13 42 24
13 43 23
13 44 18
13 45 35
13 46 20
13 47 49
13 48 50
13 49 6
13 50 45
13 51 41
13 52 50
13 53 6
13 54 2
13 55 50
13 56 39
13 57 11
13 58 14
13 59 13
13 60 34
13 61 38
13 62 30
13 63 18
13 64 38
13 65 22
13 66 9
13 67 2
13 68 26
13 69 37
13 70 45
13 71 4
13 72 38
13 73 50
13 74 26
13 75 30
13 76 26
13 77 6
13 78 20
13 79 20
13 80 17
13 81 43
13 82 1
13 83 15
13 84 18
13 85 35
13 86 23
13 87 9
13 88 1
13 89 15
13 90 21
13 91 15
13 92 45
13 93 36
13 94 40
13 95 36
14 15 21
14 16 41
14 17 42
14 18 33
14 19 7
14 20 17
14 21 10
14 22 17
14 23 42
14 24 27
14 25 25
14 26 29
14 27 2
14 28 38
14 29 36
14 30 43
14 31 20
14 32 41
14 33 41
14 34 26
14 35 21
14 36 49
14 37 14
14 38 34
14 39 13
14 40 32
14 41 30
14 42 7
14 43 47
14 44 16
14 45 42
14 46 7
14 47 17
14 48 21
14 49 48
14 50 13
14 51 26
14 52 7
14 53 19
14 54 35
14 55 43
14 56 7
14 57 8
14 58 42
14 59 47
14 60 26
14 61 7
14 62 27
14 63 7
14 64 43
14 65 48
14 66 14
14 67 35
14 68 35
14 69 23
14 70 5
14 71 27
14 72 13
14 73 50
14 74 18
14 75 3
14 76 47
14 77 32
14 78 45
14 79 42
14 80 15
14 81 29
14 82 1
14 83 39
14 84 14
14 85 4
14 86 49
14 87 18
14 88 30
14 89 26
14 90 14
14 91 3
14 92 19
14 93 19
14 94 15
14 95 50
15 16 5
15 17 21
15 18 9
15 19 7
15 20 46
15 21 9
15 22 7
15 23 31
15 24 11
15 25 17
15 26 22
15 27 27
15 28 21
15 29 30
15 30 10
15 31 14
15 32 38
15 33 34
15 34 1
15 35 18
15 36 10
15 37 46
15 38 24
15 39 6
15 40 15
15 41 31
15 42 18
15 43 48
15 44 31
15 45 2
15 46 1
15 47 25
15 48 34
15 49 13
15 50 39
15 51 38
15 52 14
15 53 11
15 54 22
15 55 3
15 56 40
15 57 28
15 58 15
15 59 3
15 60 18
15 61 15
15 62 32
15 63 37
15 64 42
15 65 41
15 66 18
15 67 8
15 68 49
15 69 5
15 70 20
15 71 38
15 72 33
15 73 9
15 74 19
15 75 31
15 76 1
15 77 30
15 78 26
15 79 45
15 80 29
15 81 46
15 82 22
15 83 13
15 84 21
15 85 36
15 86 4
15 87 48
15 88 22
15 89 23
15 90 44
15 91 47
15 92 43
15 93 2
15 94 40
15 95 21
16 17 23
16 18 22
16 19 19
16 20 38
16 21 41
16 22 5
16 23 21
16 24 9
16 25 39
16 26 44
16 27 30
16 28 13
16 29 13
16 30 20
16 31 47
16 32 38
16 33 24
16 34 23
16 35 16
16 36 12
16 37 14
16 38 6
16 39 25
16 40 17
16 41 17
16 42 11
16 43 1
16 44 36
16 45 38
16 46 46
16 47 18
16 48 33
16 49 46
16 50 50
16 51 36
16 52 20
16 53 45
16 54 20
16 55 15
16 56 48
16 57 23
16 58 19
16 59 44
16 60 32
16 61 15
16 62 2
16 63 2
16 64 21
16 65 17
16 66 11
16 67 4
16 68 13
16 69 40
16 70 50
16 71 32
16 72 30
16 73 13
16 74 3
16 75 41
16 76 35
16 77 7
16 78 24
16 79 11
16 80 5
16 81 4
16 82 9
16 83 18
16 84 18
16 85 20
16 86 10
16 87 16
16 88 28
16 89 42
16 90 13
16 91 46
16 92 28
16 93 49
16 94 22
16 95 18
17 18 29
17 19 16
17 20 10
17 21 21
17 22 34
17 23 20
17 24 3
17 25 17
17 26 28
17 27 8
17 28 32
17 29 36
17 30 44
17 31 10
17 32 21
17 33 48
17 34 7
17 35 14
17 36 33
17 37 45
17 38 39
17 39 14
17 40 21
17 41 24
17 42 19
17 43 37
17 44 39
17 45 11
17 46 19
17 47 16
17 48 34
17 49 10
17 50 24
17 51 13
17 52 39
17 53 17
17 54 20
17 55 4
17 56 6
17 57 3
17 58 40
17 59 50
17 60 10
17 61 3
17 62 11
17 63 46
17 64 46
17 65 13
17 66 7
17 67 9
17 68 23
17 69 6
17 70 38
17 71 17
17 72 19
17 73 7
17 74 35
17 75 8
17 76 9
17 77 32
17 78 1
17 79 2
17 80 41
17 81 41
17 82 41
17 83 9
17 84 13
17 85 20
17 86 50
17 87 12
17 88 23
17 89 5
17 90 11
17 91 49
17 92 49
17 93 12
17 94 33
17 95 35
18 19 17
18 20 17
18 21 29
18 22 18
18 23 1
18 24 2
18 25 29
18 26 31
18 27 10
18 28 22
18 29 46
18 30 47
18 31 22
18 32 24
18 33 42
18 34 50
18 35 11
18 36 42
18 37 50
18 38 17
18 39 7
18 40 40
18 41 35
18 42 33
18 43 5
18 44 5
18 45 19
18 46 38
18 47 4
18 48 21
18 49 18
18 50 21
18 51 43
18 52 41
18 53 11
18 54 38
18 55 32
18 56 12
18 57 34
18 58 26
18 59 22
18 60 45
18 61 26
18 62 50
18 63 13
18 64 36
18 65 24
18 66 49
18 67 16
18 68 17
18 69 17
18 70 34
18 71 45
18 72 35
18 73 49
18 74 5
18 75 45
18 76 2
18 77 5
18 78 35
18 79 12
18 80 24
18 81 26
18 82 39
18 83 49
18 84 48
18 85 10
18 86 9
18 87 7
18 88 39
18 89 38
18 90 38
18 91 15
18 92 36
18 93 36
18 94 38
18 95 34
19 20 1
19 21 8
19 22 23
19 23 44
19 24 31
19 25 38
19 26 25
19 27 36
19 28 37
19 29 18
19 30 26
19 31 36
19 32 19
19 33 9
19 34 30
19 35 4
19 36 5
19 37 30
19 38 28
19 39 34
19 40 47
19 41 7
19 42 48
19 43 45
19 44 18
19 45 19
19 46 4
19 47 49
19 48 1
19 49 14
19 50 38
19 51 20
19 52 25
19 53 14
19 54 10
19 55 27
19 56 36
19 57 4
19 58 12
19 59 22
19 60 14
19 61 45
19 62 20
19 63 1
19 64 42
19 65 11
19 66 3
19 67 35
19 68 32
19 69 8
19 70 1
19 71 34
19 72 45
19 73 45
19 74 31
19 75 44
19 76 7
19 77 44
19 78 4
19 79 38
19 80 48
19 81 4
19 82 48
19 83 40
19 84 16
19 85 29
19 86 12
19 87 13
19 88 32
19 89 44
19 90 31
19 91 12
19 92 31
19 93 39
19 94 26
19 95 35
20 21 43
20 22 26
20 23 37
20 24 17
20 25 14
20 26 38
20 27 38
20 28 5
20 29 41
20 30 50
20 31 43
20 32 45
20 33 20
20 34 39
20 35 45
20 36 1
20 37 41
20 38 21
20 39 42
20 40 5
20 41 9
20 42 27
20 43 6
20 44 19
20 45 1
20 46 21
20 47 5
20 48 24
20 49 33
20 50 31
20 51 9
20 52 38
20 53 8
20 54 31
20 55 38
20 56 6
20 57 4
20 58 33
20 59 2
20 60 17
20 61 12
20 62 48
20 63 29
20 64 23
20 65 17
20 66 6
20 67 43
20 68 9
20 69 10
20 70 14
20 71 1
20 72 18
20 73 32
20 74 28
20 75 19
20 76 31
20 77 19
20 78 37
20 79 14
20 80 17
20 81 50
20 82 4
20 83 42
20 84 36
20 85 36
20 86 14
20 87 29
20 88 27
20 89 1
20 90 22
20 91 21
20 92 6
20 93 11
20 94 6
20 95 24
21 22 26
21 23 40
21 24 46
21 25 22
21 26 17
21 27 40
21 28 13
21 29 38
21 30 23
21 31 7
21 32 9
21 33 7
21 34 5
21 35 43
21 36 46
21 37 27
21 38 38
21 39 20
21 40 26
21 41 14
21 42 49
21 43 15
21 44 4
21 45 13
21 46 12
21 47 34
21 48 27
21 49 15
21 50 18
21 51 27
21 52 47
21 53 20
21 54 5
21 55 50
21 56 18
21 57 47
21 58 24
21 59 34
21 60 8
21 61 3
21 62 26
21 63 20
21 64 40
21 65 44
21 66 28
21 67 14
21 68 21
21 69 7
21 70 9
21 71 10
21 72 36
21 73 42
21 74 21
21 75 48
21 76 32
21 77 42
21 78 39
21 79 25
21 80 43
21 81 20
21 82 37
21 83 36
21 84 6
21 85 30
21 86 50
21 87 6
21 88 15
21 89 49
21 90 43
21 91 28
21 92 21
21 93 10
21 94 14
21 95 14
22 23 19
22 24 43
22 25 30
22 26 6
22 27 26
22 28 38
22 29 31
22 30 11
22 31 32
22 32 7
22 33 50
22 34 49
22 35 34
22 36 27
22 37 17
22 38 41
22 39 13
22 40 10
22 41 20
22 42 8
22 43 7
22 44 46
22 45 36
22 46 35
22 47 38
22 48 19
22 49 27
22 50 17
22 51 29
22 52 33
22 53 32
22 54 43
22 55 46
22 56 37
22 57 15
22 58 29
22 59 16
22 60 32
22 61 30
22 62 7
22 63 24
22 64 15
22 65 6
22 66 48
22 67 47
22 68 4
22 69 42
22 70 37
22 71 5
22 72 1
22 73 50
22 74 27
22 75 49
22 76 23
22 77 16
22 78 47
22 79 48
22 80 4
22 81 29
22 82 17
22 83 21
22 84 33
22 85 20
22 86 18
22 87 25
22 88 36
22 89 18
22 90 42
22 91 25
22 92 3
22 93 2
22 94 6
22 95 17
23 24 15
23 25 50
23 26 22
23 27 34
23 28 46
23 29 15
23 30 8
23 31 35
23 32 41
23 33 27
23 34 9
23 35 1
23 36 47
23 37 49
23 38 19
23 39 43
23 40 18
23 41 11
23 42 49
23 43 15
23 44 36
23 45 22
23 46 1
23 47 23
23 48 18
23 49 17
23 50 24
23 51 38
23 52 37
23 53 41
23 54 13
23 55 39
23 56 3
23 57 17
23 58 8
23 59 10
23 60 43
23 61 46
23 62 21
23 63 27
23 64 13
23 65 38
23 66 47
23 67 20
23 68 36
23 69 43
23 70 41
23 71 34
23 72 32
23 73 4
23 74 35
23 75 42
23 76 36
23 77 6
23 78 24
23 79 42
23 80 19
23 81 38
23 82 34
23 83 29
23 84 3
23 85 20
23 86 30
23 87 47
23 88 39
23 89 7
23 90 2
23 91 15
23 92 27
23 93 40
23 94 3
23 95 25
24 25 5
24 26 40
24 27 4
24 28 33
24 29 11
24 30 23
24 31 24
24 32 29
24 33 23
24 34 37
24 35 23
24 36 17
24 37 37
24 38 5
24 39 3
24 40 1
24 41 32
24 42 49
24 43 46
24 44 42
24 45 10
24 46 27
24 47 6
24 48 16
24 49 13
24 50 50
24 51 47
24 52 2
24 53 36
24 54 37
24 55 8
24 56 28
24 57 19
24 58 13
24 59 48
24 60 25
24 61 17
24 62 27
24 63 31
24 64 11
24 65 41
24 66 50
24 67 1
24 68 46
24 69 8
24 70 43
24 71 23
24 72 21
24 73 47
24 74 44
24 75 47
24 76 43
24 77 14
24 78 13
24 79 18
24 80 29
24 81 22
24 82 44
24 83 32
24 84 4
24 85 11
24 86 35
24 87 26
24 88 47
24 89 34
24 90 9
24 91 3
24 92 44
24 93 38
24 94 5
24 95 46
25 26 49
25 27 15
25 28 41
25 29 39
25 30 48
25 31 8
25 32 1
25 33 29
25 34 50
25 35 20
25 36 21
25 37 31
25 38 45
25 39 50
25 40 3
25 41 21
25 42 33
25 43 33
25 44 50
25 45 42
25 46 33
25 47 30
25 48 6
25 49 48
25 50 3
25 51 4
25 52 14
25 53 27
25 54 2
25 55 13
25 56 6
25 57 9
25 58 27
25 59 35
25 60 3
25 61 22
25 62 27
25 63 4
25 64 32
25 65 28
25 66 18
25 67 39
25 68 41
25 69 2
25 70 34
25 71 15
25 72 17
25 73 46
25 74 46
25 75 26
25 76 50
25 77 30
25 78 4
25 79 43
25 80 4
25 81 14
25 82 25
25 83 29
25 84 40
25 85 44
25 86 15
25 87 24
25 88 17
25 89 6
25 90 3
25 91 44
25 92 16
25 93 22
25 94 28
25 95 25
26 27 18
26 28 18
26 29 4
26 30 38
26 31 3
26 32 1
26 33 17
26 34 23
26 35 43
26 36 5
26 37 38
26 38 9
26 39 43
26 40 27
26 41 43
26 42 21
26 43 18
26 44 12
26 45 2
26 46 23
26 47 47
26 48 19
26 49 17
26 50 47
26 51 39
26 52 43
26 53 6
26 54 2
26 55 17
26 56 37
26 57 21
26 58 13
26 59 35
26 60 43
26 61 17
26 62 7
26 63 19
26 64 35
26 65 7
26 66 21
26 67 9
26 68 12
26 69 42
26 70 48
26 71 19
26 72 10
26 73 33
26 74 38
26 75 18
26 76 28
26 77 17
26 78 49
26 79 9
26 80 11
26 81 1
26 82 17
26 83 40
26 84 27
26 85 18
26 86 22
26 87 42
26 88 10
26 89 34
26 90 36
26 91 30
26 92 2
26 93 24
26 94 16
26 95 17
27 28 25
27 29 11
27 30 4
27 31 43
27 32 30
27 33 49
27 34 44
27 35 33
27 36 42
27 37 44
27 38 11
27 39 25
27 40 15
27 41 1
27 42 37
27 43 48
27 44 8
27 45 17
27 46 24
27 47 35
27 48 19
27 49 42
27 50 46
27 51 35
27 52 33
27 53 24
27 54 19
27 55 9
27 56 2
27 57 46
27 58 5
27 59 45
27 60 34
27 61 3
27 62 40
27 63 27
27 64 6
27 65 5
27 66 50
27 67 20
27 68 16
27 69 14
27 70 1
27 71 49
27 72 24
27 73 14
27 74 35
27 75 44
27 76 37
27 77 14
27 78 29
27 79 45
27 80 5
27 81 5
27 82 48
27 83 19
27 84 6
27 85 13
27 86 20
27 87 32
27 88 17
27 89 36
27 90 3
27 91 50
27 92 30
27 93 50
27 94 8
27 95 50
28 29 41
28 30 29
28 31 49
28 32 35
28 33 38
28 34 19
28 35 39
28 36 21
28 37 7
28 38 18
28 39 39
28 40 4
28 41 5
28 42 40
28 43 6
28 44 8
28 45 47
28 46 47
28 47 27
28 48 36
28 49 22
28 50 46
28 51 40
28 52 38
28 53 3
28 54 28
28 55 32
28 56 38
28 57 17
28 58 14
28 59 19
28 60 33
28 61 27
28 62 26
28 63 32
28 64 34
28 65 13
28 66 44
28 67 41
28 68 24
28 69 6
28 70 43
28 71 27
28 72 19
28 73 40
28 74 43
28 75 37
28 76 23
28 77 11
28 78 46
28 79 7
28 80 39
28 81 5
28 82 6
28 83 41
28 84 11
28 85 25
28 86 4
28 87 4
28 88 35
28 89 31
28 90 12
28 91 1
28 92 47
28 93 29
28 94 2
28 95 2
29 30 30
29 31 48
29 32 28
29 33 1
29 34 38
29 35 27
29 36 13
29 37 39
29 38 18
29 39 42
29 40 26
29 41 15
29 42 22
29 43 49
29 44 14
29 45 11
29 46 45
29 47 7
29 48 19
29 49 37
29 50 37
29 51 39
29 52 4
29 53 13
29 54 31
29 55 45
29 56 43
29 57 43
29 58 2
29 59 24
29 60 29
29 61 39
29 62 35
29 63 49
29 64 34
29 65 32
29 66 28
29 67 22
29 68 1
29 69 26
29 70 46
29 71 2
29 72 8
29 73 25
29 74 6
29 75 27
29 76 12
29 77 39
29 78 2
29 79 22
29 80 11
29 81 27
29 82 5
29 83 7
29 84 4
29 85 6
29 86 50
29 87 9
29 88 29
29 89 3
29 90 49
29 91 31
29 92 22
29 93 49
29 94 7
29 95 35
30 31 35
30 32 21
30 33 21
30 34 37
30 35 10
30 36 41
30 37 49
30 38 19
30 39 48
30 40 36
30 41 33
30 42 6
30 43 49
30 44 10
30 45 3
30 46 19
30 47 1
30 48 5
30 49 15
30 50 21
30 51 4
30 52 40
30 53 46
30 54 11
30 55 13
30 56 35
30 57 25
30 58 43
30 59 48
30 60 29
30 61 1
30 62 37
30 63 5
30 64 31
30 65 21
30 66 14
30 67 11
30 68 48
30 69 6
30 70 38
30 71 28
30 72 12
30 73 48
30 74 30
30 75 2
30 76 12
30 77 5
30 78 44
30 79 41
30 80 50
30 81 49
30 82 9
30 83 49
30 84 44
30 85 28
30 86 16
30 87 50
30 88 28
30 89 29
30 90 45
30 91 26
30 92 25
30 93 23
30 94 31
30 95 16
31 32 18
31 33 39
31 34 3
31 35 12
31 36 48
31 37 10
31 38 16
31 39 3
31 40 39
31 41 14
31 42 18
31 43 15
31 44 26
31 45 20
31 46 2
31 47 37
31 48 2
31 49 45
31 50 13
31 51 7
31 52 27
31 53 5
31 54 3
31 55 2
31 56 30
31 57 42
31 58 31
31 59 30
31 60 42
31 61 46
31 62 1
31 63 22
31 64 46
31 65 28
31 66 34
31 67 38
31 68 39
31 69 47
31 70 17
31 71 45
31 72 24
31 73 29
31 74 20
31 75 12
31 76 20
31 77 11
31 78 44
31 79 1
31 80 18
31 81 30
31 82 12
31 83 26
31 84 49
31 85 48
31 86 9
31 87 6
31 88 11
31 89 47
31 90 44
31 91 49
31 92 10
31 93 8
31 94 1
31 95 9
32 33 41
32 34 50
32 35 36
32 36 28
32 37 7
32 38 43
32 39 26
32 40 12
32 41 50
32 42 49
32 43 26
32 44 38
32 45 4
32 46 34
32 47 9
32 48 24
32 49 40
32 50 43
32 51 13
32 52 20
32 53 42
32 54 15
32 55 40
32 56 3
32 57 49
32 58 28
32 59 11
32 60 13
32 61 7
32 62 22
32 63 30
32 64 41
32 65 4
32 66 37
32 67 45
32 68 49
32 69 31
32 70 15
32 71 21
32 72 12
32 73 36
32 74 16
32 75 12
32 76 6
32 77 8
32 78 27
32 79 25
32 80 20
32 81 38
32 82 3
32 83 29
32 84 21
32 85 40
32 86 38
32 87 6
32 88 33
32 89 10
32 90 50
32 91 12
32 92 7
32 93 26
32 94 12
32 95 38
33 34 7
33 35 3
33 36 7
33 37 1
33 38 15
33 39 50
33 40 19
33 41 16
33 42 24
33 43 16
33 44 29
33 45 34
33 46 23
33 47 42
33 48 31
33 49 2
33 50 32
33 51 35
33 52 30
33 53 42
33 54 24
33 55 28
33 56 3
33 57 27
33 58 32
33 59 10
33 60 47
33 61 16
33 62 26
33 63 35
33 64 48
33 65 24
33 66 4
33 67 43
33 68 34
33 69 21
33 70 13
33 71 6
33 72 1
33 73 9
33 74 25
33 75 14
33 76 29
33 77 49
33 78 29
33 79 26
33 80 35
33 81 1
33 82 14
33 83 41
33 84 28
33 85 29
33 86 25
33 87 18
33 88 13
33 89 33
33 90 46
33 91 7
33 92 39
33 93 8
33 94 9
33 95 46
34 35 15
34 36 24
34 37 39
34 38 30
34 39 6
34 40 47
34 41 18
34 42 12
34 43 19
34 44 33
34 45 1
34 46 23
34 47 15
34 48 12
34 49 11
34 50 40
34 51 46
34 52 27
34 53 20
34 54 46
34 55 35
34 56 39
34 57 7
34 58 13
34 59 48
34 60 40
34 61 45
34 62 9
34 63 33
34 64 9
34 65 11
34 66 5
34 67 43
34 68 35
34 69 34
34 70 6
34 71 9
34 72 43
34 73 18
34 74 21
34 75 37
34 76 25
34 77 17
34 78 46
34 79 25
34 80 34
34 81 10
34 82 41
34 83 47
34 84 9
34 85 10
34 86 32
34 87 45
34 88 11
34 89 7
34 90 20
34 91 4
34 92 41
34 93 26
34 94 39
34 95 33
35 36 32
35 37 30
35 38 49
35 39 46
35 40 16
35 41 22
35 42 19
35 43 27
35 44 41
35 45 28
35 46 49
35 47 12
35 48 10
35 49 34
35 50 27
35 51 44
35 52 27
35 53 16
35 54 2
35 55 50
35 56 2
35 57 22
35 58 34
35 59 36
35 60 16
35 61 49
35 62 2
35 63 45
35 64 41
35 65 41
35 66 35
35 67 23
35 68 15
35 69 3
35 70 19
35 71 45
35 72 21
35 73 20
35 74 37
35 75 31
35 76 21
35 77 19
35 78 25
35 79 34
35 80 30
35 81 50
35 82 34
35 83 48
35 84 26
35 85 4
35 86 12
35 87 44
35 88 31
35 89 31
35 90 27
35 91 11
35 92 32
35 93 22
35 94 46
35 95 21
36 37 47
36 38 10
36 39 49
36 40 1
36 41 38
36 42 36
36 43 47
36 44 25
36 45 17
36 46 4
36 47 11
36 48 37
36 49 25
36 50 17
36 51 23
36 52 13
36 53 39
36 54 13
36 55 46
36 56 23
36 57 14
36 58 44
36 59 49
36 60 5
36 61 29
36 62 42
36 63 1
36 64 42
36 65 38
36 66 44
36 67 49
36 68 37
36 69 45
36 70 22
36 71 37
36 72 17
36 73 42
36 74 1
36 75 29
36 76 25
36 77 2
36 78 13
36 79 9
36 80 13
36 81 3
36 82 24
36 83 15
36 84 30
36 85 13
36 86 11
36 87 24
36 88 20
36 89 39
36 90 34
36 91 44
36 92 41
36 93 35
36 94 8
36 95 5
37 38 40
37 39 49
37 40 38
37 41 34
37 42 21
37 43 27
37 44 29
37 45 17
37 46 47
37 47 20
37 48 40
37 49 4
37 50 21
37 51 40
37 52 31
37 53 14
37 54 20
37 55 18
37 56 14
37 57 37
37 58 24
37 59 50
37 60 28
37 61 43
37 62 43
37 63 7
37 64 11
37 65 22
37 66 40
37 67 14
37 68 11
37 69 44
37 70 45
37 71 6
37 72 42
37 73 34
37 74 45
37 75 45
37 76 46
37 77 25
37 78 18
37 79 10
37 80 45
37 81 38
37 82 6
37 83 11
37 84 32
37 85 21
37 86 35
37 87 30
37 88 22
37 89 38
37 90 39
37 91 23
37 92 40
37 93 10
37 94 48
37 95 4
38 39 43
38 40 15
38 41 26
38 42 24
38 43 42
38 44 48
38 45 9
38 46 19
38 47 50
38 48 12
38 49 45
38 50 30
38 51 48
38 52 50
38 53 45
38 54 21
38 55 39
38 56 4
38 57 1
38 58 40
38 59 8
38 60 7
38 61 8
38 62 50
38 63 32
38 64 18
38 65 37
38 66 41
38 67 17
38 68 35
38 69 25
38 70 2
38 71 14
38 72 42
38 73 45
38 74 30
38 75 21
38 76 35
38 77 47
38 78 9
38 79 48
38 80 26
38 81 2
38 82 37
38 83 21
38 84 10
38 85 11
38 86 36
38 87 35
38 88 20
38 89 27
38 90 23
38 91 15
38 92 35
38 93 40
38 94 41
38 95 17
39 40 11
39 41 29
39 42 1
39 43 4
39 44 43
39 45 27
39 46 3
39 47 37
39 48 48
39 49 1
39 50 38
39 51 39
39 52 11
39 53 2
39 54 4
39 55 12
39 56 39
39 57 44
39 58 45
39 59 18
39 60 27
39 61 19
39 62 30
39 63 44
39 64 11
39 65 42
39 66 8
39 67 15
39 68 49
39 69 49
39 70 9
39 71 14
39 72 23
39 73 22
39 74 26
39 75 44
39 76 33
39 77 43
39 78 6
39 79 6
39 80 43
39 81 25
39 82 31
39 83 33
39 84 47
39 85 22
39 86 48
39 87 32
39 88 38
39 89 27
39 90 41
39 91 16
39 92 43
39 93 46
39 94 15
39 95 50
40 41 19
40 42 38
40 43 7
40 44 28
40 45 15
40 46 18
40 47 14
40 48 37
40 49 6
40 50 4
40 51 16
40 52 22
40 53 14
40 54 11
40 55 25
40 56 22
40 57 14
40 58 42
40 59 40
40 60 17
40 61 13
40 62 26
40 63 11
40 64 23
40 65 19
40 66 27
40 67 43
40 68 48
40 69 43
40 70 5
40 71 13
40 72 25
40 73 25
40 74 24
40 75 3
40 76 19
40 77 41
40 78 48
40 79 9
40 80 19
40 81 37
40 82 5
40 83 5
40 84 45
40 85 37
40 86 25
40 87 31
40 88 25
40 89 14
40 90 15
40 91 1
40 92 15
40 93 23
40 94 32
40 95 46
41 42 41
41 43 41
41 44 23
41 45 16
41 46 4
41 47 8
41 48 15
41 49 35
41 50 22
41 51 9
41 52 15
41 53 18
41 54 9
41 55 25
41 56 3
41 57 30
41 58 40
41 59 37
41 60 5
41 61 32
41 62 15
41 63 22
41 64 5
41 65 19
41 66 16
41 67 41
41 68 38
41 69 35
41 70 43
41 71 38
41 72 19
41 73 13
41 74 33
41 75 10
41 76 30
41 77 24
41 78 22
41 79 47
41 80 35
41 81 28
41 82 27
41 83 28
41 84 32
41 85 10
41 86 12
41 87 33
41 88 45
41 89 50
41 90 7
41 91 48
41 92 36
41 93 9
41 94 2
41 95 20
42 43 16
42 44 42
42 45 9
42 46 31
42 47 4
42 48 33
42 49 24
42 50 49
42 51 46
42 52 3
42 53 19
42 54 40
42 55 48
42 56 15
42 57 13
42 58 5
42 59 41
42 60 31
42 61 32
42 62 38
42 63 45
42 64 30
42 65 48
42 66 1
42 67 12
42 68 38
42 69 28
42 70 25
42 71 49
42 72 36
42 73 14
42 74 44
42 75 12
42 76 24
42 77 10
42 78 28
42 79 45
42 80 13
42 81 50
42 82 8
42 83 11
42 84 8
42 85 24
42 86 1
42 87 43
42 88 28
42 89 29
42 90 50
42 91 14
42 92 49
42 93 49
42 94 8
42 95 43
43 44 43
43 45 27
43 46 13
43 47 7
43 48 1
43 49 2
43 50 17
43 51 25
43 52 17
43 53 42
43 54 3
43 55 15
43 56 16
43 57 26
43 58 45
43 59 10
43 60 10
43 61 48
43 62 45
43 63 25
43 64 29
43 65 23
43 66 34
43 67 7
43 68 36
43 69 36
43 70 45
43 71 10
43 72 12
43 73 48
43 74 37
43 75 44
43 76 8
43 77 12
43 78 25
43 79 3
43 80 13
43 81 36
43 82 45
43 83 42
43 84 39
43 85 7
43 86 43
43 87 33
43 88 47
43 89 40
43 90 35
43 91 29
43 92 4
43 93 33
43 94 44
43 95 24
44 45 47
44 46 49
44 47 40
44 48 50
44 49 13
44 50 32
44 51 4
44 52 13
44 53 10
44 54 47
44 55 48
44 56 12
44 57 39
44 58 29
44 59 3
44 60 50
44 61 32
44 62 8
44 63 5
44 64 41
44 65 42
44 66 7
44 67 21
44 68 1
44 69 29
44 70 24
44 71 40
44 72 17
44 73 4
44 74 26
44 75 18
44 76 48
44 77 5
44 78 2
44 79 34
44 80 46
44 81 18
44 82 35
44 83 13
44 84 16
44 85 14
44 86 7
44 87 50
44 88 26
44 89 4
44 90 46
44 91 4
44 92 44
44 93 47
44 94 37
44 95 36
45 46 12
45 47 22
45 48 8
45 49 31
45 50 36
45 51 4
45 52 17
45 53 1
45 54 26
45 55 23
45 56 47
45 57 39
45 58 33
45 59 48
45 60 16
45 61 15
45 62 47
45 63 14
45 64 47
45 65 14
45 66 38
45 67 38
45 68 40
45 69 29
45 70 10
45 71 48
45 72 39
45 73 50
45 74 33
45 75 15
45 76 21
45 77 36
45 78 1
45 79 3
45 80 47
45 81 10
45 82 26
45 83 22
45 84 39
45 85 11
45 86 13
45 87 50
45 88 8
45 89 11
45 90 6
45 91 25
45 92 9
45 93 31
45 94 31
45 95 1
46 47 43
46 48 24
46 49 16
46 50 46
46 51 9
46 52 23
46 53 15
46 54 48
46 55 42
46 56 47
46 57 44
46 58 32
46 59 11
46 60 23
46 61 45
46 62 37
46 63 14
46 64 24
46 65 40
46 66 35
46 67 10
46 68 29
46 69 38
46 70 39
46 71 40
46 72 36
46 73 31
46 74 14
46 75 44
46 76 22
46 77 9
46 78 25
46 79 26
46 80 39
46 81 12
46 82 42
46 83 46
46 84 10
46 85 5
46 86 11
46 87 26
46 88 17
46 89 23
46 90 36
46 91 24
46 92 44
46 93 2
46 94 48
46 95 23
47 48 11
47 49 21
47 50 11
47 51 42
47 52 19
47 53 2
47 54 5
47 55 27
47 56 38
47 57 14
47 58 22
47 59 43
47 60 8
47 61 18
47 62 24
47 63 18
47 64 15
47 65 40
47 66 25
47 67 47
47 68 5
47 69 2
47 70 23
47 71 32
47 72 48
47 73 13
47 74 15
47 75 23
47 76 36
47 77 27
47 78 36
47 79 13
47 80 26
47 81 12
47 82 38
47 83 16
47 84 46
47 85 12
47 86 2
47 87 36
47 88 49
47 89 19
47 90 40
47 91 19
47 92 47
47 93 28
47 94 16
47 95 23
48 49 9
48 50 10
48 51 29
48 52 2
48 53 7
48 54 49
48 55 42
48 56 47
48 57 47
48 58 38
48 59 11
48 60 38
48 61 23
48 62 19
48 63 29
48 64 25
48 65 14
48 66 1
48 67 3
48 68 10
48 69 23
48 70 23
48 71 20
48 72 1
48 73 5
48 74 40
48 75 27
48 76 9
48 77 29
48 78 19
48 79 13
48 80 9
48 81 11
48 82 2
48 83 34
48 84 37
48 85 14
48 86 36
48 87 8
48 88 47
48 89 28
48 90 48
48 91 26
48 92 41
48 93 45
48 94 15
48 95 36
49 50 7
49 51 30
49 52 15
49 53 15
49 54 17
49 55 7
49 56 11
49 57 16
49 58 34
49 59 47
49 60 22
49 61 11
49 62 49
49 63 41
49 64 21
49 65 20
49 66 1
49 67 42
49 68 32
49 69 48
49 70 5
49 71 17
49 72 50
49 73 26
49 74 36
49 75 50
49 76 38
49 77 38
49 78 16
49 79 12
49 80 33
49 81 35
49 82 23
49 83 15
49 84 23
49 85 4
49 86 47
49 87 22
49 88 36
49 89 39
49 90 20
49 91 26
49 92 42
49 93 10
49 94 12
49 95 37
50 51 41
50 52 50
50 53 22
50 54 49
50 55 7
50 56 47
50 57 10
50 58 49
50 59 18
50 60 32
50 61 31
50 62 44
50 63 13
50 64 32
50 65 34
50 66 38
50 67 9
50 68 30
50 69 40
50 70 3
50 71 47
50 72 16
50 73 22
50 74 9
50 75 42
50 76 19
50 77 19
50 78 34
50 79 43
50 80 36
50 81 30
50 82 30
50 83 37
50 84 18
50 85 29
50 86 14
50 87 2
50 88 26
50 89 17
50 90 42
50 91 27
50 92 17
50 93 31
50 94 38
50 95 35
51 52 44
51 53 15
51 54 2
51 55 33
51 56 14
51 57 38
51 58 12
51 59 13
51 60 22
51 61 38
51 62 4
51 63 39
51 64 50
51 65 17
51 66 46
51 67 5
51 68 42
51 69 19
51 70 48
51 71 9
51 72 14
51 73 35
51 74 15
51 75 40
51 76 5
51 77 16
51 78 43
51 79 40
51 80 31
51 81 14
51 82 1
51 83 19
51 84 9
51 85 12
51 86 40
51 87 20
51 88 26
51 89 47
51 90 6
51 91 34
51 92 18
51 93 35
51 94 49
51 95 16
52 53 13
52 54 39
52 55 20
52 56 35
52 57 24
52 58 14
52 59 30
52 60 24
52 61 22
52 62 46
52 63 39
52 64 21
52 65 29
52 66 48
52 67 36
52 68 23
52 69 20
52 70 37
52 71 19
52 72 19
52 73 30
52 74 46
52 75 35
52 76 31
52 77 19
52 78 34
52 79 13
52 80 13
52 81 27
52 82 11
52 83 2
52 84 23
52 85 24
52 86 21
52 87 10
52 88 30
52 89 2
52 90 2
52 91 44
52 92 13
52 93 30
52 94 3
52 95 10
53 54 45
53 55 48
53 56 22
53 57 43
53 58 3
53 59 26
53 60 40
53 61 21
53 62 8
53 63 6
53 64 16
53 65 48
53 66 38
53 67 32
53 68 31
53 69 1
53 70 20
53 71 31
53 72 44
53 73 1
53 74 3
53 75 6
53 76 8
53 77 35
53 78 40
53 79 3
53 80 45
53 81 38
53 82 4
53 83 9
53 84 26
53 85 35
53 86 34
53 87 15
53 88 39
53 89 14
53 90 18
53 91 48
53 92 1
53 93 12
53 94 28
53 95 48
54 55 16
54 56 21
54 57 13
54 58 34
54 59 13
54 60 9
54 61 29
54 62 13
54 63 11
54 64 30
54 65 41
54 66 22
54 67 2
54 68 10
54 69 50
54 70 49
54 71 11
54 72 25
54 73 36
54 74 32
54 75 36
54 76 17
54 77 37
54 78 42
54 79 27
54 80 27
54 81 23
54 82 6
54 83 43
54 84 36
54 85 45
54 86 27
54 87 28
54 88 15
54 89 31
54 90 7
54 91 46
54 92 3
54 93 18
54 94 46
54 95 38
55 56 17
55 57 15
55 58 11
55 59 20
55 60 4
55 61 8
55 62 44
55 63 39
55 64 44
55 65 41
55 66 5
55 67 18
55 68 27
55 69 17
55 70 35
55 71 45
55 72 4
55 73 6
55 74 35
55 75 13
55 76 31
55 77 49
55 78 8
55 79 16
55 80 43
55 81 34
55 82 32
55 83 29
55 84 24
55 85 26
55 86 44
55 87 42
55 88 40
55 89 24
55 90 47
55 91 37
55 92 11
55 93 5
55 94 11
55 95 12
56 57 14
56 58 44
56 59 46
56 60 20
56 61 46
56 62 45
56 63 15
56 64 30
56 65 7
56 66 25
56 67 45
56 68 2
56 69 11
56 70 6
56 71 27
56 72 50
56 73 41
56 74 47
56 75 3
56 76 37
56 77 1
56 78 43
56 79 7
56 80 17
56 81 29
56 82 27
56 83 6
56 84 36
56 85 6
56 86 33
56 87 4
56 88 27
56 89 2
56 90 43
56 91 8
56 92 19
56 93 5
56 94 31
56 95 50
57 58 23
57 59 5
57 60 50
57 61 37
57 62 45
57 63 30
57 64 34
57 65 40
57 66 28
57 67 36
57 68 43
57 69 19
57 70 3
57 71 49
57 72 20
57 73 50
57 74 19
57 75 23
57 76 34
57 77 24
57 78 19
57 79 25
57 80 37
57 81 32
57 82 14
57 83 8
57 84 44
57 85 9
57 86 6
57 87 20
57 88 29
57 89 7
57 90 25
57 91 40
57 92 42
57 93 21
57 94 26
57 95 9
58 59 39
58 60 32
58 61 30
58 62 29
58 63 30
58 64 48
58 65 43
58 66 24
58 67 18
58 68 45
58 69 43
58 70 25
58 71 40
58 72 45
58 73 27
58 74 36
58 75 26
58 76 43
58 77 11
58 78 31
58 79 5
58 80 44
58 81 38
58 82 41
58 83 36
58 84 42
58 85 48
58 86 31
58 87 31
58 88 39
58 89 5
58 90 38
58 91 49
58 92 36
58 93 37
58 94 26
58 95 17
59 60 17
59 61 37
59 62 35
59 63 30
59 64 48
59 65 36
59 66 40
59 67 20
59 68 11
59 69 36
59 70 32
59 71 15
59 72 14
59 73 29
59 74 22
59 75 7
59 76 5
59 77 46
59 78 37
59 79 8
59 80 48
59 81 5
59 82 39
59 83 37
59 84 7
59 85 50
59 86 38
59 87 11
59 88 42
59 89 23
59 90 48
59 91 30
59 92 9
59 93 12
59 94 14
59 95 4
60 61 33
60 62 24
60 63 46
60 64 22
60 65 21
60 66 12
60 67 36
60 68 18
60 69 25
60 70 44
60 71 13
60 72 11
60 73 2
60 74 25
60 75 38
60 76 36
60 77 4
60 78 19
60 79 33
60 80 14
60 81 12
60 82 48
60 83 37
60 84 21
60 85 27
60 86 31
60 87 8
60 88 25
60 89 15
60 90 29
60 91 40
60 92 31
60 93 4
60 94 13
60 95 13
61 62 22
61 63 31
61 64 45
61 65 8
61 66 2
61 67 48
61 68 20
61 69 45
61 70 2
61 71 25
61 72 29
61 73 28
61 74 31
61 75 27
61 76 7
61 77 47
61 78 18
61 79 31
61 80 47
61 81 49
61 82 39
61 83 20
61 84 24
61 85 34
61 86 10
61 87 27
61 88 42
61 89 2
61 90 12
61 91 17
61 92 10
61 93 4
61 94 33
61 95 4
62 63 32
62 64 6
62 65 21
62 66 18
62 67 11
62 68 17
62 69 23
62 70 1
62 71 5
62 72 18
62 73 39
62 74 33
62 75 22
62 76 8
62 77 23
62 78 15
62 79 39
62 80 27
62 81 3
62 82 43
62 83 18
62 84 39
62 85 47
62 86 13
62 87 48
62 88 3
62 89 44
62 90 31
62 91 17
62 92 30
62 93 11
62 94 6
62 95 43
63 64 21
63 65 20
63 66 35
63 67 41
63 68 42
63 69 5
63 70 12
63 71 30
63 72 23
63 73 18
63 74 46
63 75 27
63 76 5
63 77 11
63 78 40
63 79 2
63 80 26
63 81 43
63 82 28
63 83 9
63 84 7
63 85 41
63 86 39
63 87 27
63 88 19
63 89 40
63 90 49
63 91 47
63 92 33
63 93 44
63 94 37
63 95 29
64 65 25
64 66 25
64 67 44
64 68 29
64 69 48
64 70 41
64 71 48
64 72 43
64 73 29
64 74 14
64 75 19
64 76 21
64 77 14
64 78 8
64 79 39
64 80 15
64 81 30
64 82 43
64 83 37
64 84 41
64 85 36
64 86 49
64 87 24
64 88 11
64 89 16
64 90 12
64 91 4
64 92 15
64 93 44
64 94 29
64 95 12
65 66 32
65 67 6
65 68 40
65 69 33
65 70 6
65 71 18
65 72 14
65 73 4
65 74 49
65 75 1
65 76 33
65 77 50
65 78 34
65 79 19
65 80 37
65 81 23
65 82 44
65 83 22
65 84 20
65 85 11
65 86 39
65 87 44
65 88 26
65 89 36
65 90 48
65 91 45
65 92 44
65 93 49
65 94 19
65 95 40
66 67 42
66 68 33
66 69 3
66 70 3
66 71 49
66 72 1
66 73 6
66 74 36
66 75 8
66 76 12
66 77 7
66 78 22
66 79 40
66 80 14
66 81 26
66 82 34
66 83 20
66 84 47
66 85 26
66 86 8
66 87 37
66 88 11
66 89 2
66 90 38
66 91 14
66 92 42
66 93 50
66 94 44
66 95 3
67 68 11
67 69 9
67 70 18
67 71 40
67 72 17
67 73 13
67 74 10
67 75 15
67 76 6
67 77 12
67 78 2
67 79 10
67 80 42
67 81 2
67 82 4
67 83 16
67 84 22
67 85 45
67 86 35
67 87 2
67 88 45
67 89 25
67 90 48
67 91 35
67 92 2
67 93 25
67 94 44
67 95 2
68 69 28
68 70 7
68 71 50
68 72 2
68 73 31
68 74 29
68 75 41
68 76 47
68 77 8
68 78 50
68 79 39
68 80 8
68 81 2
68 82 4
68 83 46
68 84 27
68 85 24
68 86 34
68 87 48
68 88 8
68 89 2
68 90 39
68 91 37
68 92 19
68 93 4
68 94 34
68 95 44
69 70 17
69 71 21
69 72 11
69 73 15
69 74 27
69 75 34
69 76 47
69 77 6
69 78 49
69 79 49
69 80 9
69 81 35
69 82 7
69 83 17
69 84 47
69 85 4
69 86 25
69 87 2
69 88 40
69 89 25
69 90 17
69 91 10
69 92 16
69 93 11
69 94 18
69 95 13
70 71 36
70 72 14
70 73 25
70 74 47
70 75 29
70 76 20
70 77 19
70 78 27
70 79 29
70 80 39
70 81 7
70 82 12
70 83 21
70 84 37
70 85 29
70 86 38
70 87 11
70 88 24
70 89 15
70 90 45
70 91 43
70 92 31
70 93 25
70 94 47
70 95 2
71 72 40
71 73 15
71 74 42
71 75 12
71 76 12
71 77 39
71 78 16
71 79 27
71 80 5
71 81 43
71 82 11
71 83 20
71 84 27
71 85 13
71 86 37
71 87 46
71 88 47
71 89 46
71 90 44
71 91 47
71 92 48
71 93 17
71 94 31
71 95 36
72 73 22
72 74 41
72 75 41
72 76 39
72 77 35
72 78 10
72 79 14
72 80 41
72 81 19
72 82 21
72 83 41
72 84 21
72 85 27
72 86 50
72 87 42
72 88 10
72 89 29
72 90 17
72 91 15
72 92 7
72 93 38
72 94 14
72 95 35
73 74 14
73 75 12
73 76 19
73 77 8
73 78 32
73 79 41
73 80 6
73 81 4
73 82 42
73 83 23
73 84 25
73 85 39
73 86 45
73 87 15
73 88 47
73 89 47
73 90 19
73 91 27
73 92 1
73 93 19
73 94 26
73 95 17
74 75 42
74 76 46
74 77 1
74 78 29
74 79 2
74 80 38
74 81 47
74 82 6
74 83 6
74 84 41
74 85 16
74 86 36
74 87 47
74 88 18
74 89 32
74 90 6
74 91 6
74 92 50
74 93 16
74 94 14
74 95 2
75 76 26
75 77 10
75 78 25
75 79 49
75 80 3
75 81 42
75 82 15
75 83 34
75 84 33
75 85 19
75 86 31
75 87 21
75 88 1
75 89 15
75 90 7
75 91 9
75 92 6
75 93 46
75 94 16
75 95 29
76 77 12
76 78 38
76 79 48
76 80 41
76 81 13
76 82 16
76 83 46
76 84 2
76 85 9
76 86 32
76 87 47
76 88 21
76 89 4
76 90 47
76 91 19
76 92 28
76 93 29
76 94 26
76 95 39
77 78 27
77 79 40
77 80 43
77 81 48
77 82 27
77 83 3
77 84 31
77 85 19
77 86 38
77 87 46
77 88 15
77 89 8
77 90 43
77 91 37
77 92 13
77 93 41
77 94 45
77 95 40
78 79 33
78 80 27
78 81 47
78 82 16
78 83 3
78 84 8
78 85 5
78 86 22
78 87 38
78 88 35
78 89 49
78 90 46
78 91 49
78 92 30
78 93 29
78 94 29
78 95 44
79 80 42
79 81 17
79 82 8
79 83 1
79 84 4
79 85 9
79 86 17
79 87 28
79 88 35
79 89 50
79 90 33
79 91 46
79 92 22
79 93 7
79 94 48
79 95 25
80 81 10
80 82 16
80 83 36
80 84 42
80 85 49
80 86 1
80 87 6
80 88 3
80 89 50
80 90 37
80 91 39
80 92 35
80 93 6
80 94 14
80 95 5
81 82 29
81 83 36
81 84 23
81 85 21
81 86 11
81 87 41
81 88 11
81 89 17
81 90 33
81 91 12
81 92 34
81 93 13
81 94 23
81 95 15
82 83 25
82 84 45
82 85 3
82 86 4
82 87 39
82 88 40
82 89 9
82 90 18
82 91 26
82 92 40
82 93 49
82 94 9
82 95 37
83 84 45
83 85 43
83 86 45
83 87 49
83 88 1
83 89 49
83 90 19
83 91 19
83 92 50
83 93 22
83 94 47
83 95 9
84 85 23
84 86 7
84 87 22
84 88 39
84 89 48
84 90 35
84 91 18
84 92 36
84 93 11
84 94 41
84 95 17
85 86 25
85 87 6
85 88 41
85 89 26
85 90 11
85 91 33
85 92 39
85 93 35
85 94 28
85 95 44
86 87 9
86 88 3
86 89 45
86 90 31
86 91 19
86 92 22
86 93 8
86 94 41
86 95 25
87 88 41
87 89 32
87 90 11
87 91 16
87 92 5
87 93 23
87 94 9
87 95 40
88 89 39
88 90 44
88 91 5
88 92 46
88 93 31
88 94 26
88 95 32
89 90 30
89 91 24
89 92 9
89 93 33
89 94 47
89 95 47
90 91 47
90 92 37
90 93 42
90 94 45
90 95 9
91 92 8
91 93 27
91 94 11
91 95 7
92 93 16
92 94 40
92 95 5
93 94 30
93 95 30
94 95 37
