2456
97
1 101
101 461
461 781
781 981
981 1000
1000 989
1000 982
1000 999
1000 992
1000 984
1000 995
1000 993
1000 986
1000 998
1000 996
1000 985
1000 991
1000 994
1000 988
1000 987
1000 990
1000 983
1000 997
989 649
982 622
999 579
992 572
984 764
995 655
993 613
986 686
998 718
996 656
985 765
991 691
994 834
988 648
987 607
990 610
983 623
997 657
622 382
382 42
42 22
22 2
834 434
434 114
114 34
34 14
579 179
179 19
572 152
152 12
764 384
384 4
648 408
408 28
28 8
607 427
427 27
27 7
655 255
255 35
35 15
718 338
338 18
656 276
276 36
36 16
610 250
250 270
270 10
649 509
509 349
349 9
623 223
223 243
243 3
613 253
253 313
313 13
686 706
706 466
466 26
26 6
657 297
297 317
317 37
37 17
765 445
445 425
425 25
25 5
691 351
351 191
191 31
31 11