194
179
1 154
154 483
154 383
154 115
4 100
100 97
100 260
100 296
100 366
5 164
164 190
6 377
6 25
377 353
377 173
25 22
9 30
9 262
9 294
9 465
30 300
30 120
30 121
30 141
30 158
30 210
294 400
294 415
465 34
465 81
465 421
10 348
10 375
348 258
348 97
348 274
22 193
22 312
23 332
332 142
332 333
24 353
24 269
24 380
24 429
353 90
353 190
353 216
353 242
353 244
380 85
380 93
380 247
26 190
190 234
190 243
190 255
29 165
165 290
300 66
121 200
121 346
141 108
141 211
158 96
158 310
210 83
35 483
483 151
483 355
483 374
483 394
37 200
37 507
38 374
374 323
39 128
39 123
39 278
39 451
39 462
128 101
128 126
123 213
451 47
47 89
89 231
50 93
53 244
53 160
244 91
244 405
54 103
103 442
103 227
60 145
60 233
60 370
145 515
370 487
64 430
64 277
430 151
65 170
170 274
170 506
66 337
66 258
337 90
337 101
337 494
258 151
67 96
79 216
79 161
79 205
216 319
161 259
161 423
205 132
205 435
205 437
84 107
107 379
107 261
88 167
167 442
167 219
91 474
474 461
101 336
336 196
442 151
442 271
442 191
379 274
379 301
379 381
108 230
108 290
290 396
290 401
111 271
271 282
132 498
142 151
142 488
151 236
151 515
515 450
515 496
236 194
236 382
236 473
157 415
310 314
259 363
274 368
274 386
176 355
176 315
355 281
315 292
243 367
194 318
194 464
318 478
202 405
208 247
473 241
242 392
363 440
368 321
368 459
386 497
284 321
321 426
400 326
324 496