2456
97
1 101
101 461
461 781
781 981
981 1000
1000 989
1000 982
1000 999
1000 992
1000 984
1000 995
1000 993
1000 986
1000 998
1000 996
1000 985
1000 991
1000 994
1000 988
1000 987
1000 990
1000 983
1000 997
982 622
622 382
382 42
42 22
22 2
994 834
834 434
434 114
114 34
34 14
999 579
579 179
179 19
992 572
572 152
152 12
984 764
764 384
384 4
988 648
648 408
408 28
28 8
987 607
607 427
427 27
27 7
995 655
655 255
255 35
35 15
998 718
718 338
338 18
996 656
656 276
276 36
36 16
990 610
610 250
250 270
270 10
989 649
649 509
509 349
349 9
983 623
623 223
223 243
243 3
993 613
613 253
253 313
313 13
986 686
686 706
706 466
466 26
26 6
997 657
657 297
297 317
317 37
37 17
985 765
765 445
445 425
425 25
25 5
991 691
691 351
351 191
191 31
31 11