7329
380
12 41
12 231
12 476
12 5
5 315
5 34
5 127
5 37
5 159
315 454
315 341
231 250
476 490
476 683
490 611
611 97
41 750
41 68
41 592
41 70
592 251
592 344
251 755
251 240
240 351
240 17
18 1
18 787
1 4
1 65
4 10
4 42
10 97
10 216
10 431
10 301
216 328
216 174
216 626
28 61
28 24
28 263
61 510
61 116
61 128
510 564
564 139
116 422
128 757
24 212
212 450
29 119
29 312
119 143
119 629
143 266
143 690
266 325
266 262
325 391
262 617
262 338
262 110
262 439
31 550
31 220
31 75
550 656
220 222
220 377
75 436
33 797
33 781
33 166
33 56
33 223
781 750
781 256
797 3
797 391
166 233
166 177
256 114
256 281
114 354
56 599
56 199
56 93
223 30
223 329
93 501
93 287
599 692
37 440
38 72
38 226
38 3
3 392
3 47
72 642
72 409
642 213
226 293
226 559
42 96
96 719
96 219
719 408
408 703
65 488
65 602
65 349
48 229
48 268
229 89
229 285
229 160
268 182
182 663
62 2
2 11
11 602
11 429
69 395
69 556
395 21
21 275
21 6
21 27
275 392
275 447
275 480
447 321
71 45
71 95
71 54
71 618
45 392
45 36
392 468
95 776
54 135
54 320
135 150
73 102
102 607
102 403
102 343
607 310
403 292
81 465
81 19
465 140
19 15
15 511
511 245
245 218
245 347
89 14
14 58
58 184
58 206
58 352
184 208
501 270
501 170
270 259
259 494
94 55
94 113
94 249
55 110
55 191
191 532
191 664
191 809
532 590
113 161
113 552
552 443
161 90
90 695
695 660
660 121
660 767
320 435
776 345
345 773
101 26
101 209
101 459
26 483
26 213
209 680
209 499
209 306
483 621
459 167
167 608
106 671
671 626
109 717
109 107
717 661
661 427
107 35
107 87
35 698
35 52
87 178
87 533
533 539
533 701
354 452
281 390
390 521
390 204
122 27
27 104
27 63
27 60
27 84
63 789
104 193
60 201
201 398
201 614
84 600
127 323
323 370
129 118
118 683
118 205
683 736
132 70
70 405
405 427
427 820
427 100
68 433
139 479
139 130
479 655
655 577
577 521
130 821
154 218
155 210
210 267
210 215
157 358
157 173
358 461
173 304
304 507
507 522
158 134
158 482
134 480
208 321
208 551
352 404
404 492
185 170
185 269
200 455
455 576
267 338
267 453
453 613
453 646
377 725
329 357
30 248
30 117
293 153
559 538
230 685
685 339
339 621
339 498
250 412
755 740
755 808
740 461
344 761
808 810
810 145
247 443
247 79
79 400
79 672
79 66
79 284
117 295
252 672
252 342
672 616
342 691
261 39
39 6
39 331
39 85
6 7
6 505
265 153
280 820
297 204
306 334
310 316
310 729
316 391
316 180
729 633
454 471
341 361
159 585
435 575
575 179
179 563
563 260
370 497
180 730
174 8
8 515
8 783
431 523
301 816
357 426
331 656
333 334
334 634
634 682
682 720
720 576
353 171
171 587
171 804
587 452
426 679
368 802
802 121
394 138
138 100
138 504
504 534
614 665
665 806
66 684
284 796
406 355
355 52
52 595
468 578
578 724
36 485
471 805
805 446
140 85
140 493
473 83
83 7
680 699
526 86
86 260
547 446
446 749
586 178
205 753
205 649
205 779
625 613
767 764
676 539
715 175
175 98
98 434
434 700
700 762
762 145