188
162
4 135
135 53
135 163
5 240
240 62
6 176
6 206
6 418
176 426
176 72
176 79
176 313
176 377
206 446
12 374
12 450
374 415
374 46
450 239
450 407
15 106
106 201
106 122
106 496
21 324
324 59
22 444
22 216
444 433
444 62
444 343
216 230
216 346
24 204
204 107
204 90
204 364
28 432
432 264
32 308
308 250
308 300
38 446
38 233
39 390
390 343
390 358
46 59
53 436
436 329
436 195
436 232
436 331
436 388
55 69
55 333
69 430
69 316
57 420
57 328
57 347
420 152
420 322
347 461
347 469
61 343
62 350
63 471
471 322
471 479
67 344
344 244
344 115
430 392
430 266
70 406
70 361
70 466
406 79
466 399
72 250
72 264
72 304
250 100
250 181
264 217
304 249
82 156
82 141
156 426
156 182
141 212
84 389
389 377
389 193
85 133
133 272
133 433
133 440
133 220
87 368
368 404
88 97
88 494
88 481
97 244
97 341
89 440
89 423
440 152
440 329
440 380
90 188
188 476
244 426
100 441
201 329
201 119
201 415
122 283
122 370
107 355
355 230
123 388
272 281
433 426
138 329
138 489
152 392
152 460
392 178
426 186
426 318
182 213
159 249
172 313
172 443
313 227
313 349
377 401
377 437
181 434
434 484
186 248
186 385
385 499
202 227
227 310
239 376
239 427
251 331
281 414
274 399
289 297
289 336
297 373
373 461
373 334
317 318
356 380
356 404
404 383