3904
206
4 2
4 11
2 6
2 9
2 5
6 1
11 46
9 39
5 20
1 945
1 966
1 952
1 942
966 934
934 900
46 53
53 67
50 61
61 69
67 73
73 80
73 82
73 69
73 76
65 70
70 76
82 83
82 86
83 88
88 103
88 98
88 101
88 102
103 121
103 120
103 122
98 106
98 94
98 107
101 115
115 200
115 199
115 196
94 99
94 104
94 100
102 119
102 118
107 140
100 113
99 108
99 109
108 148
104 125
125 272
109 156
113 185
119 229
229 287
118 218
120 235
120 236
121 238
122 245
168 279
279 306
279 170
306 341
341 322
341 304
341 318
341 297
341 308
341 312
341 330
341 332
189 282
282 312
282 191
207 284
284 316
316 336
336 300
336 342
342 354
212 285
285 318
285 215
287 322
252 291
291 330
259 292
292 332
297 338
338 301
338 300
338 347
338 346
304 340
340 305
340 350
354 365
354 363
354 352
354 344
363 366
366 373
387 392
392 397
397 404
404 412
412 452
452 548
548 553
548 510
548 552
548 477
548 508
548 518
548 513
548 464
548 509
548 488
548 458
548 493
548 554
548 535
548 459
548 543
548 520
548 473
548 448
548 487
418 477
421 488
553 578
553 581
554 588
554 590
552 572
578 605
556 598
598 614
598 558
614 621
614 610
614 605
614 603
621 624
571 603
592 610
601 615
615 622
622 624
624 629
629 639
639 699
699 793
642 718
718 793
647 757
757 793
650 775
775 793
658 793
793 797
793 760
793 676
793 684
793 780
793 686
793 667
793 774
793 782
793 689
676 636
636 679
689 638
638 692
797 802
802 814
814 822
813 821
821 829
829 822
829 832
832 839
832 841
832 838
832 831
841 845
845 852
838 843
843 849
843 848
848 863
863 909
849 866
849 868
852 877
866 920
877 931
931 883
931 945
930 942
932 952