978
729
1 356
1 846
356 363
356 445
846 748
2 428
428 852
428 86
3 849
849 237
849 389
849 36
5 344
5 100
344 823
344 550
6 85
6 135
6 489
85 39
85 30
85 126
85 341
85 981
135 278
8 439
8 347
439 684
439 197
347 488
347 757
9 993
993 729
993 276
993 459
993 558
993 962
993 14
10 938
10 406
10 112
10 447
938 39
938 274
938 453
406 383
11 676
11 544
11 557
11 712
676 294
676 162
676 190
544 307
544 478
557 603
557 819
557 949
712 826
712 537
712 583
12 293
12 863
293 796
293 21
863 657
13 591
13 336
13 425
13 731
13 117
591 279
425 753
731 502
14 618
14 768
618 772
15 227
227 114
227 812
16 318
318 962
318 770
18 548
548 485
20 195
20 381
20 560
195 48
195 931
560 865
21 267
21 498
267 291
22 39
39 729
23 311
311 84
311 310
311 471
311 199
24 725
24 683
725 707
25 851
25 284
851 30
851 961
27 738
738 624
738 862
738 954
738 973
29 891
29 403
29 991
891 582
891 47
891 192
403 600
30 193
30 73
193 524
193 802
73 717
31 491
31 909
31 414
491 605
491 59
909 175
32 365
32 783
32 880
365 58
880 56
880 379
880 796
33 854
854 744
34 962
962 164
962 539
962 691
35 375
375 973
37 415
37 253
415 551
415 327
415 625
253 923
729 821
729 487
729 144
729 245
40 158
40 521
158 664
158 776
41 966
41 533
966 476
966 408
966 758
966 974
966 481
533 636
42 371
42 893
371 653
893 78
893 578
44 646
44 536
646 181
536 65
45 915
45 722
915 888
915 236
915 358
722 518
47 901
48 169
48 763
48 629
169 126
169 957
51 461
51 108
461 472
108 272
52 608
52 645
608 604
53 859
53 309
859 820
54 744
744 802
744 986
55 515
55 450
515 84
515 150
515 814
515 442
450 316
58 802
58 699
60 862
862 497
862 266
61 769
61 541
769 153
62 298
298 643
66 819
819 648
67 613
67 917
613 84
613 900
917 154
68 902
902 384
70 484
484 305
484 120
71 809
809 765
74 119
74 222
74 494
119 432
222 575
494 436
494 980
77 853
77 587
77 590
853 876
853 444
853 270
587 493
587 873
79 84
79 632
84 888
84 324
632 392
632 941
632 249
632 911
80 442
442 402
442 325
81 524
81 480
81 792
81 885
81 689
524 232
524 855
480 262
480 739
83 264
264 713
264 535
324 188
188 927
126 208
126 713
126 346
341 355
981 87
981 551
981 735
981 840
92 612
612 624
93 452
452 367
452 633
94 876
876 369
876 610
95 474
95 766
474 228
474 639
474 965
766 209
766 559
97 512
512 482
98 949
104 320
320 258
320 360
107 639
639 370
639 142
111 120
113 471
114 349
114 572
114 686
114 715
114 662
349 900
572 369
686 109
686 422
686 372
432 961
432 868
432 191
124 488
488 617
488 674
127 281
281 313
281 350
128 213
128 621
213 316
621 289
129 837
837 911
130 626
626 345
626 765
626 386
626 434
132 355
355 525
355 582
355 586
133 236
236 774
236 576
137 735
138 921
138 716
921 624
921 399
921 622
921 238
140 727
727 328
727 511
727 287
727 667
727 924
141 540
540 273
145 398
398 890
146 661
146 631
661 622
150 565
150 643
565 624
565 233
152 357
357 543
357 485
357 509
153 900
153 275
153 821
900 363
900 767
821 258
821 380
821 671
821 538
821 230
156 351
351 453
351 977
157 530
530 486
530 160
530 787
664 868
160 181
161 871
161 244
871 487
244 302
164 385
385 857
165 486
486 539
166 973
166 173
166 595
595 675
168 497
168 952
497 593
957 963
171 456
171 750
171 913
456 844
177 684
177 649
177 304
684 228
684 545
178 860
860 513
860 820
180 302
302 755
302 823
182 258
258 155
258 724
258 984
258 214
183 975
975 625
184 770
185 576
576 203
576 303
576 942
186 329
329 259
189 382
382 796
190 354
190 695
191 879
879 994
192 895
194 814
814 301
814 989
814 983
196 207
196 660
196 263
207 299
197 883
200 816
200 353
816 980
201 551
551 345
551 476
551 665
204 707
707 609
707 604
707 822
205 392
205 239
205 423
205 543
392 247
392 384
239 734
543 223
206 873
873 250
873 703
299 705
299 945
299 979
210 433
433 586
433 781
211 984
211 936
936 215
216 912
216 419
216 568
912 625
912 656
912 690
419 680
218 131
218 579
131 376
376 896
376 220
221 306
221 465
306 665
224 948
948 363
948 243
225 861
861 539
228 511
511 614
229 155
155 619
234 840
840 467
774 237
774 280
774 682
774 426
237 513
237 179
179 951
951 910
242 827
242 926
827 582
245 679
250 817
817 653
251 648
251 611
251 881
648 424
648 470
648 784
611 681
881 616
881 845
881 904
255 444
256 628
256 930
628 624
628 678
724 510
724 882
619 779
259 914
914 924
914 305
261 922
922 652
535 377
268 681
268 668
681 890
271 675
675 598
675 937
273 274
273 623
274 615
623 469
623 490
623 788
615 421
615 793
276 782
276 805
279 708
708 673
313 788
285 672
285 801
672 598
672 319
288 946
288 971
946 408
294 459
294 698
698 786
705 941
979 906
755 798
755 844
823 960
303 972
665 752
308 703
308 500
308 641
308 800
308 894
308 956
800 673
894 832
956 785
788 830
314 965
319 522
522 404
360 505
323 950
950 395
950 26
950 581
950 797
326 852
852 625
852 670
852 808
328 358
330 466
330 940
466 539
466 570
940 413
332 453
333 924
333 730
924 818
730 815
334 496
496 982
337 818
338 573
573 758
757 638
757 495
525 387
582 869
363 764
445 896
445 919
485 520
764 504
366 472
472 404
367 778
367 397
367 687
778 600
778 506
687 886
368 980
368 988
369 562
896 569
896 807
391 26
393 753
393 609
609 898
394 749
749 443
395 436
399 959
959 775
407 826
408 736
411 887
887 919
412 773
412 514
773 518
421 929
422 928
431 772
868 589
868 574
781 553
437 449
437 607
437 841
449 617
443 767
443 969
460 622
622 580
622 519
463 728
728 589
728 669
469 810
475 739
478 517
517 523
479 566
566 869
482 832
483 583
487 605
674 652
493 746
982 943
614 655
518 771
531 596
596 784
545 654
545 754
654 733
555 937
937 742
558 584
559 943
943 745
943 874
865 762
865 650
574 627
580 592
598 692
598 824
824 925
630 682
941 688
941 663
941 947
634 925
635 799
799 690
651 670
670 848
752 694
109 759
694 804
804 916
786 718
706 36
726 994
732 785
732 795
745 935