524
77
1 28
28 94
28 983
94 33
94 14
94 36
16 142
16 40
16 25
142 47
47 90
47 54
47 126
47 33
40 733
25 296
32 39
39 858
858 46
90 811
811 42
54 78
78 11
126 468
63 6
6 202
6 312
202 3
11 234
11 500
11 936
11 593
983 23
14 187
187 18
36 343
36 624
109 29
29 500
500 46
500 17
125 17
17 531
17 281
17 406
140 2
2 749
2 218
749 23
156 24
24 999
24 874
999 23
999 27
171 3
3 655
3 327
3 967
3 250
327 13
18 905
18 686
18 484
936 37
250 58
58 390
265 27
27 655
967 81
13 437
359 37
375 45
45 686
45 717
46 562
780 81
42 842