1920
131
30 38
30 31
38 84
84 87
84 75
31 32
32 33
33 34
40 43
40 41
43 64
64 76
76 105
105 106
72 75
72 73
87 103
103 128
128 142
128 138
128 106
128 102
91 102
91 92
92 93
93 94
94 95
138 140
142 150
150 167
167 166
166 155
166 173
155 156
156 157
157 158
158 159
173 219
219 235
235 285
235 211
235 217
180 191
180 181
191 211
181 182
182 183
183 184
199 210
199 200
210 240
240 285
200 201
201 202
202 203
214 217
214 215
285 309
285 267
285 333
333 360
360 359
359 348
359 386
309 312
338 346
338 339
346 371
371 387
387 405
339 340
340 341
341 342
348 349
349 350
350 351
351 352
386 399
386 413
362 368
362 366
368 405
405 435
405 438
399 435
399 397
435 463
463 481
463 499
397 389
389 390
413 409
409 406
406 407
390 391
391 392
392 393
438 443
459 500
500 537
537 499
537 516
537 553
481 479
479 473
479 514
473 477
514 531
514 498
490 498
490 491
491 492
492 493
493 494
520 553
553 581
581 584
581 599
554 584
599 641
641 674
674 649
674 684
684 707
707 734
734 776
776 784
784 820
820 791
820 845
845 852