703
641
818 726
630 608
422 891
422 583
422 472
574 12
768 250
768 665
768 588
768 830
80 823
76 28
868 72
426 342
426 227
426 125
161 519
161 822
25 672
25 633
25 440
25 202
170 12
62 67
514 513
645 519
645 158
937 490
937 144
227 272
227 904
227 482
821 671
821 601
88 297
88 751
88 538
434 904
434 103
797 790
331 501
331 280
269 618
568 665
533 51
533 618
77 450
520 117
520 976
509 158
509 988
509 662
509 922
274 806
274 929
427 190
427 603
505 894
505 284
505 377
505 965
931 68
931 349
931 932
931 104
931 887
513 891
124 28
124 569
409 175
409 609
385 981
385 142
385 660
675 558
675 89
675 870
690 786
690 492
272 722
272 950
643 306
573 764
573 956
573 598
573 517
642 213
642 282
784 294
784 989
784 843
804 354
952 5
474 381
349 941
39 724
198 600
198 278
199 454
199 50
921 243
921 672
921 503
921 82
848 164
947 463
670 466
670 756
396 777
368 262
368 835
419 164
655 719
655 232
720 795
12 626
12 652
12 264
414 877
78 455
78 678
78 243
14 515
14 493
14 896
14 524
14 310
14 157
429 90
336 355
200 318
200 980
281 622
985 706
985 1
287 280
841 652
69 891
69 754
69 164
69 245
380 40
297 308
862 158
881 345
203 657
998 489
998 120
374 405
327 834
327 996
327 772
36 501
373 531
373 715
51 125
51 96
68 799
518 117
318 549
318 668
318 987
138 329
811 202
619 973
175 356
175 23
865 822
16 278
16 863
166 875
166 961
166 261
566 724
114 992
321 774
993 473
993 286
671 996
671 744
912 553
919 436
696 770
696 882
678 45
678 29
678 320
678 6
973 857
978 824
978 135
354 407
354 353
255 992
255 247
620 214
766 143
895 907
495 358
495 288
333 597
333 958
357 320
357 79
357 692
357 18
328 446
328 131
684 790
851 218
851 693
851 356
851 111
851 358
851 211
771 871
587 32
292 340
292 834
292 216
292 975
650 42
87 546
87 46
753 50
504 355
504 728
504 575
801 674
824 121
487 598
239 621
938 45
242 541
242 602
583 443
583 421
436 290
436 555
635 489
647 298
647 95
214 171
214 262
145 99
3 569
532 652
532 225
532 441
889 859
107 144
992 66
992 627
992 382
836 657
531 891
869 66
869 226
132 512
97 416
97 483
49 882
778 750
778 106
479 276
750 626
750 332
283 154
634 439
109 827
82 809
82 75
794 469
794 615
407 243
407 519
407 42
407 545
407 127
407 928
407 491
837 197
837 21
762 140
557 332
716 416
926 453
926 876
880 726
594 828
942 136
942 386
541 450
541 617
45 581
45 428
45 394
562 951
562 580
562 651
188 981
188 661
266 674
266 676
901 524
901 962
231 799
713 48
150 776
584 706
542 989
672 148
672 128
1 389
5 190
592 515
592 418
717 792
717 56
717 317
478 770
693 312
257 358
257 847
499 798
499 248
511 218
511 853
511 599
421 731
892 608
343 902
560 466
560 704
450 6
185 96
185 260
628 826
831 558
618 855
618 123
597 872
597 28
597 154
597 682
597 920
403 674
403 326
523 777
860 490
856 455
856 340
462 375
323 186
92 148
512 140
951 834
951 786
951 547
951 308
79 463
79 850
79 67
282 702
356 351
861 190
691 834
691 90
691 788
691 489
270 340
970 473
970 296
970 115
140 632
140 459
140 945
329 460
558 857
875 342
875 872
33 324
29 632
580 136
661 585
812 968
342 455
342 146
378 412
719 632
719 707
519 823
877 570
948 298
176 260
176 712
972 148
972 646
972 183
186 64
186 963
186 40
546 121
546 776
546 828
834 66
32 552
623 158
623 909
180 907
180 955
217 615
891 872
891 275
30 345
30 387
215 245
362 146
362 453
362 72
362 113
362 777
362 737
712 367
799 449
799 790
799 384
791 651
791 639
510 890
221 795
907 473
424 571
195 885
447 148
447 673
936 777
387 431
345 959
918 128
857 125
857 129
857 543
857 622
416 397
416 769
42 871
42 64
733 481
733 17
600 411
314 674
70 757
983 222
983 179
646 540
646 908
692 986
244 164
451 515
561 867
792 482
904 552
790 789
968 959
968 859
864 121
551 665
551 997
551 408
544 106
515 872
515 783
740 290
162 384
754 191
638 547
638 256
866 674
657 722
779 774
779 10
779 536
774 218
706 545
997 576
853 375
853 324
581 99
581 7
295 425
709 950
764 99
724 449
724 549
724 348
727 961
230 137
549 530
449 243
449 213
445 455
445 250
677 72
101 143
476 722
459 899
459 448
397 431
873 117
761 211
761 197
761 65
400 524
106 631
43 371
984 391
454 626
454 439
454 165
571 885
99 767
420 320
420 410
96 306
786 371
786 171
604 838
344 382
344 795
222 28
240 959
240 969
775 46
197 669
191 667
827 663
245 500
224 543
31 235
31 48
31 879
578 111
243 469
481 320
481 757
481 355
208 588
167 602
182 381
651 241
473 961
473 143
872 626
218 975
218 902
567 146
567 405
608 553
608 9
312 521
667 579
251 472
276 722
471 241
897 290
72 229
72 298
72 621
503 674
228 622
228 294
425 959
118 780
703 879
435 958
435 940
915 971
607 621
589 975
184 411
472 648
925 40
959 469
959 190
981 121
371 838
371 391
326 852
113 867
113 381
113 798
564 405
564 334
564 490
428 446
428 572
225 299
102 152
394 74
552 22
772 663
417 466
489 806
808 570
152 128
894 632
894 971
961 553
961 141
6 59
898 346
934 798
111 528
229 885
780 308
411 975
117 588
896 949
902 890
902 726
466 121
341 798
823 369
577 663
867 570
290 59
890 8
455 501
550 375
741 621
121 469
460 621
412 64
405 137
545 770
545 826
743 127
174 165
235 632
346 64
